Single Stateless
(1,452)(2,917)(3,1366)(4,1810)(5,2319)
(1,849)(2,1815)(3,3041)(4,3682)(5,4871)
(1,3999))(2,8621)(3,13453)(4,16068)(5,21407)
(1,9072)(2,14361)(3,22062)(4,26791)(5,38543)

Single Statful
(1,32)(2,63)(3,93)(4,131)(5,159)
(1,83)(2,160)(3,244)(4,594)(5,530)
(1,357)(2,704)(3,1042)(4,1399)(5,1748)
(1,678)(2,1373)(3,2097)(4,2914)(5,3436)

-----
Bundled Stateless
(1,531)(2,687)(3,908)(4,1232)(5,1529)
(1,885)(2,1486)(3,2316)(4,3240)(5,3499)
(1,5495)(2,8613)(3,10593)(4,15500)(5,14991)
(1,7473)(2,14932)(3,22706)(4,28973)(5,28564)

-----
Bundled Stateful
(1,32)(2,51)(3,123)(4,299)(5,101)
(1,84)(2,151)(3,320)(4,328)(5,495)
(1,374)(2,720)(3,1074)(4,1454)(5,1809)
(1,717)(2,1411)(3,2084)(4,2838)(5,3509)